Adding Null Terminator
0010 801C 0000 0000 0000 0000 0000 0000 0000 0000 0000 0000 0000 0000 0000 0000 0000
8000 0A00 0D60 801B 6C30 0041 8000 8C30 005A 800F 0D00 C002 1C11 800A 0E40 8000 6C30
8010 0061 8000 8C30 007A 8000 0D00 A004 1C11 8016 0E40 8000 0A00 0F60 A000 8027 0E00
8020 A000 1C11 801D 1C11 8020 0E40 801B 0A00 0F60 C000 8033 0E00 C000 1C11 8029 1C11
8030 802C 0E40 8027 0100 0A00 0000 0000 0000 0000 0000 0000 0000 0000 0000 0000 0000
A000 0077 006F 006F 006F 0000 0000 0000 0000 0000 0000 0000 0000 0000 0000 0000 0000
C000 004C 004C 0000 0000 0000 0000 0000 0000 0000 0000 0000 0000 0000 0000 0000 0000


0000 0077 0000 0000 0000 0000 0000 0000 0000 0000 0000 0000 0000 0000 0000 0000 0000
0010 801C 0000 0000 0000 0000 0000 0000 0000 0000 0000 0000 0000 0000 0000 0000 0000
8000 0A00 0D60 801B 6C30 0041 8000 8C30 005A 800F 0D00 C002 1C11 800A 0E40 8000 6C30
8010 0061 8000 8C30 007A 8000 0D00 A004 1C11 8016 0E40 8000 0A00 0F60 A001 8027 0E00
8020 A001 1C11 801D 1C11 8020 0E40 801B 0A00 0F60 C000 8033 0E00 C000 1C11 8029 1C11
8030 802C 0E40 8027 0100 0A00 0000 0000 0000 0000 0000 0000 0000 0000 0000 0000 0000
A000 0077 006F 006F 006F 0000 0000 0000 0000 0000 0000 0000 0000 0000 0000 0000 0000
C000 004C 004C 0000 0000 0000 0000 0000 0000 0000 0000 0000 0000 0000 0000 0000 0000

w
0000 006F 0000 0000 0000 0000 0000 0000 0000 0000 0000 0000 0000 0000 0000 0000 0000
0010 801C 0000 0000 0000 0000 0000 0000 0000 0000 0000 0000 0000 0000 0000 0000 0000
8000 0A00 0D60 801B 6C30 0041 8000 8C30 005A 800F 0D00 C002 1C11 800A 0E40 8000 6C30
8010 0061 8000 8C30 007A 8000 0D00 A004 1C11 8016 0E40 8000 0A00 0F60 A002 8027 0E00
8020 A002 1C11 801D 1C11 8020 0E40 801B 0A00 0F60 C000 8033 0E00 C000 1C11 8029 1C11
8030 802C 0E40 8027 0100 0A00 0000 0000 0000 0000 0000 0000 0000 0000 0000 0000 0000
A000 0077 006F 006F 006F 0000 0000 0000 0000 0000 0000 0000 0000 0000 0000 0000 0000
C000 004C 004C 0000 0000 0000 0000 0000 0000 0000 0000 0000 0000 0000 0000 0000 0000

wo
0000 006F 0000 0000 0000 0000 0000 0000 0000 0000 0000 0000 0000 0000 0000 0000 0000
0010 801C 0000 0000 0000 0000 0000 0000 0000 0000 0000 0000 0000 0000 0000 0000 0000
8000 0A00 0D60 801B 6C30 0041 8000 8C30 005A 800F 0D00 C002 1C11 800A 0E40 8000 6C30
8010 0061 8000 8C30 007A 8000 0D00 A004 1C11 8016 0E40 8000 0A00 0F60 A003 8027 0E00
8020 A003 1C11 801D 1C11 8020 0E40 801B 0A00 0F60 C000 8033 0E00 C000 1C11 8029 1C11
8030 802C 0E40 8027 0100 0A00 0000 0000 0000 0000 0000 0000 0000 0000 0000 0000 0000
A000 0077 006F 006F 006F 0000 0000 0000 0000 0000 0000 0000 0000 0000 0000 0000 0000
C000 004C 004C 0000 0000 0000 0000 0000 0000 0000 0000 0000 0000 0000 0000 0000 0000

woo
0000 006F 0000 0000 0000 0000 0000 0000 0000 0000 0000 0000 0000 0000 0000 0000 0000
0010 801C 0000 0000 0000 0000 0000 0000 0000 0000 0000 0000 0000 0000 0000 0000 0000
8000 0A00 0D60 801B 6C30 0041 8000 8C30 005A 800F 0D00 C002 1C11 800A 0E40 8000 6C30
8010 0061 8000 8C30 007A 8000 0D00 A004 1C11 8016 0E40 8000 0A00 0F60 A004 8027 0E00
8020 A004 1C11 801D 1C11 8020 0E40 801B 0A00 0F60 C000 8033 0E00 C000 1C11 8029 1C11
8030 802C 0E40 8027 0100 0A00 0000 0000 0000 0000 0000 0000 0000 0000 0000 0000 0000
A000 0077 006F 006F 006F 0000 0000 0000 0000 0000 0000 0000 0000 0000 0000 0000 0000
C000 004C 004C 0000 0000 0000 0000 0000 0000 0000 0000 0000 0000 0000 0000 0000 0000

wooo
0000 006F 0000 0000 0000 0000 0000 0000 0000 0000 0000 0000 0000 0000 0000 0000 0000
0010 8028 0000 0000 0000 0000 0000 0000 0000 0000 0000 0000 0000 0000 0000 0000 0000
8000 0A00 0D60 801B 6C30 0041 8000 8C30 005A 800F 0D00 C002 1C11 800A 0E40 8000 6C30
8010 0061 8000 8C30 007A 8000 0D00 A004 1C11 8016 0E40 8000 0A00 0F60 A004 8027 0E00
8020 A004 1C11 801D 1C11 8020 0E40 801B 0A00 0F60 C000 8033 0E00 C000 1C11 8029 1C11
8030 802C 0E40 8027 0100 0A00 0000 0000 0000 0000 0000 0000 0000 0000 0000 0000 0000
A000 0077 006F 006F 006F 0000 0000 0000 0000 0000 0000 0000 0000 0000 0000 0000 0000
C000 004C 004C 0000 0000 0000 0000 0000 0000 0000 0000 0000 0000 0000 0000 0000 0000

woooo
0000 004C 0000 0000 0000 0000 0000 0000 0000 0000 0000 0000 0000 0000 0000 0000 0000
0010 8028 0000 0000 0000 0000 0000 0000 0000 0000 0000 0000 0000 0000 0000 0000 0000
8000 0A00 0D60 801B 6C30 0041 8000 8C30 005A 800F 0D00 C002 1C11 800A 0E40 8000 6C30
8010 0061 8000 8C30 007A 8000 0D00 A004 1C11 8016 0E40 8000 0A00 0F60 A004 8027 0E00
8020 A004 1C11 801D 1C11 8020 0E40 801B 0A00 0F60 C001 8033 0E00 C001 1C11 8029 1C11
8030 802C 0E40 8027 0100 0A00 0000 0000 0000 0000 0000 0000 0000 0000 0000 0000 0000
A000 0077 006F 006F 006F 0000 0000 0000 0000 0000 0000 0000 0000 0000 0000 0000 0000
C000 004C 004C 0000 0000 0000 0000 0000 0000 0000 0000 0000 0000 0000 0000 0000 0000

wooooL
0000 004C 0000 0000 0000 0000 0000 0000 0000 0000 0000 0000 0000 0000 0000 0000 0000
0010 8028 0000 0000 0000 0000 0000 0000 0000 0000 0000 0000 0000 0000 0000 0000 0000
8000 0A00 0D60 801B 6C30 0041 8000 8C30 005A 800F 0D00 C002 1C11 800A 0E40 8000 6C30
8010 0061 8000 8C30 007A 8000 0D00 A004 1C11 8016 0E40 8000 0A00 0F60 A004 8027 0E00
8020 A004 1C11 801D 1C11 8020 0E40 801B 0A00 0F60 C002 8033 0E00 C002 1C11 8029 1C11
8030 802C 0E40 8027 0100 0A00 0000 0000 0000 0000 0000 0000 0000 0000 0000 0000 0000
A000 0077 006F 006F 006F 0000 0000 0000 0000 0000 0000 0000 0000 0000 0000 0000 0000
C000 004C 004C 0000 0000 0000 0000 0000 0000 0000 0000 0000 0000 0000 0000 0000 0000

wooooLL
0010 8035 0000 0000 0000 0000 0000 0000 0000 0000 0000 0000 0000 0000 0000 0000 0000
8000 0A00 0D60 801B 6C30 0041 8000 8C30 005A 800F 0D00 C002 1C11 800A 0E40 8000 6C30
8010 0061 8000 8C30 007A 8000 0D00 A004 1C11 8016 0E40 8000 0A00 0F60 A004 8027 0E00
8020 A004 1C11 801D 1C11 8020 0E40 801B 0A00 0F60 C002 8033 0E00 C002 1C11 8029 1C11
8030 802C 0E40 8027 0100 0A00 0000 0000 0000 0000 0000 0000 0000 0000 0000 0000 0000
A000 0077 006F 006F 006F 0000 0000 0000 0000 0000 0000 0000 0000 0000 0000 0000 0000
C000 004C 004C 0000 0000 0000 0000 0000 0000 0000 0000 0000 0000 0000 0000 0000 0000

wooooLL
